198.5,214.5,34,81
194.25510828272405,215.86562286096034,35.74502387492055,79.94423631276254
192.6341424646352,215.76752612429246,36.63817774010213,79.84503149117262
189.97318162804046,216.57729280168155,37.466417028800656,80.2246164644889
189.0907206859514,218.01129675398187,37.74429135991633,79.63733928422303
186.49589619532603,219.69909158213977,37.741947581462526,78.78691351683844
184.8812038091013,223.52934790807143,37.500942749343466,77.0649670728609
183.74830471698456,226.81281869034848,37.17086257092133,75.19623670139154
183.69740405740905,227.53548246967446,36.9794575559583,74.2938960721562
185.1859304524545,228.90661217171004,36.62888868310367,73.72880670630835
187.3593009773767,229.9083835551403,36.58245729130984,73.02974782998126
189.4146190670847,230.93593432302575,37.437915605759855,71.9876126886348
190.9561448657934,232.5937480895646,38.164334185039216,71.24628615996684
192.4811798565039,228.9343477774758,38.13358326108279,71.4522919080458
191.32518544512325,230.48460423165625,38.51564378107916,71.59379936826102
211.37300145406493,216.91184190628633,38.84077668629152,71.01144354109557
225.37759395622663,209.07893759524416,38.071297721396846,72.58681141305786
220.84066858878708,210.43421039441483,37.56501024979403,73.45802240651338
213.38049173661392,212.3019858321996,37.85721206052459,75.25404816439718
210.15375455082903,213.0553930837958,38.42335876104332,77.657307656795
210.41986381379073,214.7483774601297,38.88459624117005,78.42100664399541
210.7086333150325,217.2010738552283,40.35184750663085,78.87452536808041
212.053341939732,219.00849644058562,40.91332718792644,80.13556616080568
215.09098919881902,222.8125840256368,40.397867150038074,81.81017736002707
219.25191380030944,227.50319772304783,38.76489505277009,83.99150718566398
221.76071719285187,228.77518322292997,37.58152369744903,85.7256447827015
225.7838252392497,229.2270938736825,36.52519388852787,87.31272137510207
228.67070092076915,228.46067882385665,36.44328222046576,86.96441148108615
233.17417417061105,228.44731780596027,36.970407643084215,86.53090870961648
237.92651572912072,227.95504844395867,37.53585296692184,86.29048782172697
245.0623030189924,226.12688855438074,37.655401205171664,86.42147586527187
249.11915663972584,227.7091716546987,38.37598732918328,87.1811366639188
252.70217583770219,226.9835524278987,39.095836079226665,88.41628493008841
256.02584836719893,226.44979534535472,39.92597953799438,89.39961543949715
259.2102448422935,226.88840194931623,41.08303354596573,89.90941268670564
262.0007057779157,227.993668191706,41.68476653235674,91.07219958936201
263.86169320254356,228.4715853642195,43.34226727666795,91.15605037445434
265.9131903283431,228.08807783483417,43.92770571855033,90.28269637556969
269.53308037278185,230.11489366475652,44.328421406802896,89.13229895911792
278.2502934266863,230.06709942779136,45.137071623456876,88.05767599868392
280.8467397992807,230.90619107274756,44.82775527139553,86.6965762463501
283.404816578769,233.18179914531078,44.88817355842734,85.79812346792289
285.8538285116948,233.49934557115816,44.830408767740444,85.00647615570263
287.44030715209817,234.02032698389786,44.404777384150506,84.43277156210148
289.3821450886787,234.90241255195144,44.39432123945923,84.03395615605109
288.58210282691164,234.56462461457886,43.64759875997217,83.73489559528753
288.5464257765554,234.97931569837147,43.414213623853016,83.48082455202714
288.66584171224434,234.8304761288455,43.38812555633391,82.98782489192665
287.96215544267596,232.94309503923714,42.75317498298283,83.50089764662864
286.7379026277864,232.81259109353778,43.24577767868756,82.75340663093809
286.5208615640006,231.62019418833634,42.93881641741564,82.70033041570622
284.74228283941335,230.51571941973077,43.2234931403481,82.18113292304062
282.28387052559873,228.40911382856402,43.418691486239055,81.42760015929872
280.0273768477153,227.26463696600806,43.392777512965345,81.10429592695213
279.3980465994171,226.75850839447975,43.28861571532649,81.2181350607276
277.09173709366996,226.47381629655467,43.11033306590163,81.47557647059944
275.23866004120055,228.52441070783527,42.529075004245016,82.14677467577873
273.4575208497597,231.5500661753648,41.60898587156268,83.5935993074311
272.4847746106268,232.99046031721363,41.41032928481086,84.27390983774404
270.52841364569696,235.27270967334016,42.46135997817457,83.76624677688872
262.8646598151766,236.0345977045452,43.74429480901504,81.21125218573101
258.3798226655597,244.01825053593188,44.408189651156576,79.7563366596764
255.91761380759306,245.90986386275603,44.245907881311055,79.17790226715184
255.4493754927405,247.76214310826606,45.86316104748083,76.39308665838351
250.85232550763027,248.44352877764965,46.41435578241075,74.20250372083854
247.53631209372105,250.92096912902943,47.109158222106686,71.1746999538471
241.94292574451526,249.2716483589034,46.73622709361396,70.19521620799682
237.44504774278724,253.0206821271303,46.18589487838103,68.3996342329139
235.01351999948167,253.57998842920335,45.00266473571968,66.81433436670955
230.38055462268713,254.64551774336778,45.0641696775412,65.11625052394704
228.25622378148537,254.9211137326407,43.75111146553553,64.16968973093283
220.7974935538706,253.95820631710262,42.45941969908538,63.14059547578155
216.46933535452402,252.78013721238057,41.96724805303978,62.84293582031173
206.79350987791088,253.1005358034318,41.39430031241839,62.35873315305602
197.5496683323572,250.58092311858766,42.3023229878764,60.15174174875752
193.43249275769827,253.5936634400986,42.33550321586853,58.53286777992999
186.56301109631153,257.2284700116021,41.35563261530218,57.65507029930703
179.35958430415832,256.4218850765987,39.59589074062421,58.229104713228594
176.77949811971868,258.89571513318936,37.97721303092071,57.518357804240345
176.02678377942522,261.3782567486433,36.79514624146064,56.74120515728638
175.31955357131073,263.27700801132966,36.32899905270912,56.77589362236165
163.05714475697894,253.4742888528218,35.204444580542635,59.2338843533178
154.19083862057175,253.7949202495077,35.98667080599378,58.71508845940062
147.48516812826,256.16584203527935,39.14646111617877,56.13531611588464
146.04926358521777,243.28287093335564,37.82238311348759,58.119129032012324
137.94725262349493,237.7241719529291,38.63542240906461,59.27054837042886
135.97460786938805,234.2032687079573,37.78339822709285,61.1920984364223
128.42854834794838,226.54925665049558,37.30829562843167,62.31811380805958
124.74917674180428,223.28827749682415,36.736248416372945,63.371257742386085
121.35702554897074,224.7772609957577,36.407770707893306,64.46640370914913
118.36147379767196,221.06025513001924,36.34547512449231,65.145806809492
116.04630202593182,222.4114025915996,36.339894328678156,66.45172588321853
114.12867951965981,222.2463695358722,36.313593063222314,68.46024460564286
112.12091708441746,220.65020682496606,36.82658449788548,70.54475571547394
110.09561460578632,217.86945770852878,37.74973922741032,71.697464790481
108.21102058205453,210.48477158354896,38.77544730775659,70.08930598880494
108.03023384112485,211.295110392168,39.54089113377794,69.20682128748334
107.63973088335901,212.72372215000314,39.876416225792774,68.98945816342987
107.23266193777445,210.74903084807642,39.7683619010424,68.63171043052185
106.34954417029842,209.4896354665292,39.900562921567285,67.47484559020745
107.68429531721128,208.69782220840824,40.1013828552196,66.88939566373082
110.45346973974952,207.76619221277764,40.05597300550443,67.4206315575494
112.54544268322856,204.65925560149276,40.42770930085836,67.52204988891432
114.16000476217428,200.1060351682636,40.57746588217896,67.70405990820475
115.6432557024359,198.23103526714775,40.63774603748337,68.03489314549499
118.36000162771357,196.81422031569468,40.47441629248831,68.39748494529746
121.49035790952966,194.06613388458322,40.293589688481376,68.05564797323088
123.8238487729189,194.14740184477876,40.33772952084597,67.59431769387109
126.84791793299786,195.04646583664837,40.25442064557332,67.10163895749209
129.5223123272686,196.89564280396144,39.729764776343366,67.68818568814916
133.49229280875306,195.13686403427783,39.22663528767861,67.404151592766
137.22457482752932,196.20870772715057,38.29896890942784,68.70248176225734
141.43530493874619,196.86048964262986,38.86806254289011,68.40746344922017
144.3454653383578,196.6366301038143,39.39940104161001,69.03402317895953
146.75629415744703,189.73782499193368,39.92023836803116,68.74899370850684
149.47304502027873,185.34222448553976,38.39229642058129,69.47862264640456
154.244292634489,185.1500179591196,37.06356442916026,70.63447775494713
158.3759483556567,184.7285345078277,36.497222495949565,71.65861194714557
161.55393239444834,185.00657114592622,36.625288002961014,72.31827172224857
164.45044726375835,186.1064191686249,36.952079335965806,72.95504604237549
167.49057667134622,185.72384085295317,37.39698607865136,73.52641700629951
170.66528561090973,185.9539679877082,37.694923279175235,74.05622431792429
174.9039156277528,180.7750867447004,38.35742230920975,73.78272879307562
179.42379565419748,181.66699262203133,38.499732034762815,75.21515410659005
182.67147814990008,177.36841090513207,38.447107006889084,76.11448495600746
185.56344231511991,178.97929551093858,38.65231060393969,77.24562864722647
188.31969499372542,180.18711084855468,39.12641756667494,78.8973812613314
190.7455440683845,178.97316998993264,39.58501595284869,80.73087050010945
193.62554338900077,174.34740849332985,39.83971915487791,81.10742019619589
195.1992086417805,172.80847857941677,40.100509043071526,81.24672025343796
198.50861998454417,176.3626687168306,40.010010007904256,82.49987981930855
200.6447540079763,173.1862781934601,39.56795813039728,82.77143642452123
203.20872572373378,173.5788375521014,38.83746133126762,83.37673289888903
205.48584174862899,171.99435435433784,38.243717124037026,84.44559615453882
206.8203569080942,172.79977668664768,38.270128289557846,86.46511566953035
208.13774965182188,171.51087721191564,38.97653814702744,88.10338114693324
209.27318889857577,168.7433233266418,39.31770613369852,88.60796466363577
210.14514667171636,167.62348220613637,39.7663524522702,88.60055942600891
210.84663451779892,167.7592028051674,40.12250080070872,88.07198066114194
211.62933496621258,166.91443317801952,40.45314022427786,87.81402886567113
213.1210097719411,165.2474664744617,40.3807319752018,87.74012798132868
214.71165781503908,165.2987450858068,40.243412672758275,87.11849184828772
216.03197765305296,165.53010142791913,40.05944328100175,87.55776564382221
218.26671457279548,165.84696146167948,40.05826835356507,88.42233349248502
220.12740313761196,163.50286468071403,40.13460617258623,89.37157036458132
221.85687137804706,160.26984169458115,39.99997713342751,89.07847727587297
223.7064481499447,161.34817669939355,39.74667729980679,90.04050252534236
224.99124243757825,160.58134503619493,39.596734510825044,90.2437993594682
226.80117927571308,161.42637905799052,39.36864884038427,91.67341362788876
228.0735352913654,159.526376035603,39.140621770398596,92.75823546093282
229.70496192450867,161.870660114899,38.93182491013317,93.06471773263868
232.95598687450706,160.1493472783985,39.22491193869475,93.43580138102726
233.96067376451037,162.10561791632557,39.7163494971128,94.63179396442607
234.86498736709729,163.9461184286654,40.461929855339264,95.246123464191
236.2619982206025,159.77077566881678,40.688341812650734,95.861055924501
237.35833406764084,163.14742329565053,40.94327501321206,95.44116330450052
239.08559053050755,162.15400487454602,42.358567423477226,94.34238379653556
240.25318697823604,164.26768868795205,44.283408612340295,92.50682134169003
242.11813998604404,159.58130414278287,43.946592844832175,91.80465833363974
243.01113411834086,161.76971249996888,44.39669237931079,90.35212822319534
244.61586345054667,161.67986542217247,44.5407769964544,89.93817299142853
247.62256432991057,164.49551083702647,44.205128209375715,89.72511269532035
248.76305531870503,161.3581097382667,43.872096952573884,89.78240562312558
252.4350086751823,160.7900105170735,43.252216442774824,90.26411156806778
255.634130609522,158.25910268794644,42.009393831114494,90.88061234213616
259.0186940847453,154.89886536897052,39.94501598802876,93.14267767070075
262.2701834174412,155.01538118627764,38.498985507603926,94.39658630078839
265.47459820118684,153.27639229031888,37.551583628711356,95.02426950270956
267.79043322263936,154.81715426048623,37.05087214293522,95.37324893075251
270.6044114289821,154.94142529242322,36.76666286922682,95.53940552725224
272.952233907434,154.2673998801803,36.52418296664423,95.6015992703248
274.5514269361701,155.76825763499545,36.46678573592373,96.5880081312695
276.1804985515529,157.24378247963705,36.886939786423405,97.38524969602987
277.03941724909936,156.7922167030942,38.03225108060048,97.67474445740947
277.0238928637488,158.68138434354518,39.49523432720039,97.17808141581114
276.9785848485966,158.74348088610958,40.85850775191397,97.48999221108771
277.6212748662583,153.93228342892772,41.856388300468055,97.0332703041624
276.8085264427483,154.5970427123042,44.0212513331533,95.07106637411678
275.97686262950015,153.53700649496176,45.75744852871272,92.28059345968053
276.3298717188914,147.59914127778268,45.20939879654258,89.5682148776202
276.7998420798394,148.74060363194315,44.45617983170099,87.5790305014259
276.079982620442,152.20957607214388,44.34254365272497,85.48551702132349
276.9254192023187,153.614226732976,43.57090798344035,85.66070609425157
278.29614795056926,152.83062454881474,42.25319599990157,87.8010779654542
278.9338947266182,147.25642412520696,40.73423855903936,89.53115720317267
278.75098867511844,145.88655923169648,39.72151944446378,89.85183081305436
278.6180643535072,145.1189253018528,39.01362792722098,89.0336424139679
279.2096793350577,145.13486340852722,38.15495809972302,89.98313647087124
281.57587514098805,146.1317309907882,38.1976819778219,90.01774426861431
280.42341443630863,146.97877353890055,37.26922688419006,89.89689969095957
283.5285157741197,149.14305837875514,37.1664837537034,88.76712056148233
282.48306406368874,150.35564719488718,35.901171220738405,88.29244353670879
281.9140342500406,154.94067087668526,34.956835532864446,87.8826720138719
282.3328572312422,156.62902584856283,33.81321258357613,89.33341234553791
283.40610868725605,155.4201894096291,33.14055872969966,91.08787530824422
283.80357159660707,152.4990457015417,32.76123759177421,91.72424679653209
284.0075823541498,153.41296860201268,32.607128972606745,91.34800571952046
283.74275687902264,152.5155188192362,32.74036594094652,91.06688647480124
283.4647331977487,154.70823558846212,33.271440695181376,90.37005419176629
283.0679313521031,157.73288323405657,33.24652634390824,90.93615110867671
283.879980564943,157.01578781246351,33.2922221200792,91.08037334205294
284.2919206675403,154.45935799603902,32.82629248308389,91.04605861653401
284.95243937875443,157.50229186328386,32.104506688577686,91.55947171624237
285.6669016995846,153.77621840860004,32.1124842123302,92.69975043484457
286.5316914535664,153.79750393231183,31.992242391858962,92.98240572413863
286.98179640440935,155.19299839776585,32.524198947349284,93.1423421434198
286.6859592284766,159.5412233218502,32.562331638906024,93.98699565828822
285.6197024929725,159.16351979570737,32.76681819531758,95.64577601160303
284.97925879889647,160.89608338840264,33.30871056784849,96.20094349250283
284.81831639323417,160.42624705454986,33.9362969925993,95.97033176975883
285.2461722213323,159.94866279491606,33.87383875818645,95.67156566721556
285.40226615930123,160.87289914831194,33.88686994719957,94.66773929507188
285.0409783578781,161.61317720924183,33.945900299153266,93.4098822640506
284.837097644784,161.951560372496,34.13766189855241,92.78044942764568
284.33598556991745,163.74331953119326,34.08773329540926,93.94693063341404
283.2375048840663,162.76794574377712,34.39115392709843,95.88017250475237
282.130313042657,162.98081109765482,34.330617146354996,98.43347049877917
281.5128275889413,161.00429172796765,34.33396154316626,100.54193132963755
280.13628777432876,158.5582025936576,34.18212417066714,102.81721463785422
279.3414022101042,159.114554237674,34.02303112522719,102.60087597909008
279.309309104259,163.35502866118065,33.74281371238291,103.97738524670083
279.4644178507376,163.76437172284287,33.76677588904431,104.73289343547204
278.9314255941501,164.93288117491358,33.746080109136194,104.91033199554876
277.39712598928435,167.4116758740455,33.844723159276,104.30327942055763
276.0927127502774,167.12013046347357,34.27887965628698,104.17682123190153
274.84644177615087,167.25369897118233,34.71430795707922,103.72060177276985
273.04878668312534,168.8080236103717,35.21655502705668,102.55089468837609
271.7082834571578,166.9702633113165,35.30828039683837,102.8688873152188
270.7421431839992,170.25333897409203,35.21197598603283,102.87754172620946
269.9245583527726,171.34267057585018,35.30759439039884,102.29148995476868
268.8294270668873,167.43053053987208,34.80863724895835,102.94855134157471
266.5240935799528,165.44671802859733,34.47302088237328,104.84095911711496
263.9399904851253,166.16426436585937,34.10301334216994,105.72357946482296
262.22442462042,165.92876483764132,34.04744143731847,106.83120637417576
260.07397300255985,165.0911961027699,34.23793970477698,107.16570616005015
258.4224631051893,166.23337109842177,34.393739841620146,106.36238603687235
256.21031135903667,169.1140973476476,34.45030699435634,105.35275171850489
253.71581543544733,172.74037831209301,34.49684354978697,105.49765787967145
250.71841616282245,176.21584568864475,34.04972038406865,105.89029192844788
248.17809248735787,176.3483046691935,34.17277429398833,105.99963555520854
246.25034551956264,177.9642064273725,34.27009381017568,106.40412354275685
244.86117591468766,178.46093651919503,34.738276436139664,107.52164172405621
242.93870748851353,179.35581761171034,35.064514119328976,108.64973360968906
240.3034891692105,182.5403119070446,35.322030378296326,110.13049363047074
237.63146078144203,181.02246646374363,35.804990294855045,110.5413208924999
234.4658536891243,180.52425224801223,36.928740738188054,110.6936222053752
231.48858746178445,180.07030240052174,38.19030911587187,110.1276987106208
228.52926788271645,179.68397430787854,38.65577320610623,111.72277418168139
227.0728011841138,180.98347467101155,38.59080204512978,113.47663485983432
225.21008177031212,179.44986982835766,38.65461858689025,114.73923357750601
222.9472162225544,177.30404295295926,38.98457369668788,116.11517664066548
221.57566569031889,179.69342641835064,39.82161776099872,116.423411987257
219.28582443860682,181.00065058737016,40.968851162021096,117.90308892006146
217.31467911959112,179.0651318176952,41.983105110294204,120.51044516687747
216.12903858852837,181.01143755468527,43.122689924365176,123.01186283336976
214.81268089274894,183.48934663433084,44.21830154376066,124.46776781098052
208.66835862996558,184.89163099446398,44.83614395293337,126.21268811201551
209.03582199867395,183.26926899761807,46.09185392186883,126.46100936522879
203.0034156754981,185.25853683811602,46.70209389060827,126.38404734222237
204.20428263086526,183.33939618512954,47.09752894998194,125.98064421139726
202.29415984184348,181.15299915789743,47.8776431975354,124.81566274935146
198.21094159097427,181.8835586879773,49.124928393121486,122.49350911706723
193.44515724620743,182.85571593799511,49.50670536512585,120.37187231874326
189.59186742269335,187.4297476829649,49.11016611566966,119.29226261756108
187.5540023198878,186.77981803165025,48.239027901633534,117.6347726198058
186.80757670162905,185.24592297296635,47.528395318189524,116.17332737416697
186.30335258548618,184.09556851085972,46.72330249574959,114.97436197815935
186.35046499493046,182.04827636874649,45.52323913964485,115.45724048235647
187.1779636263587,180.00795683786743,44.540661246009115,116.46812637410119
187.4003114333706,181.41711896953154,44.084743936293954,116.10797180948816
187.78908123412097,180.8779133584848,43.965043156204345,115.61349334595089
187.13525681020752,182.6886873051589,44.196211973017725,116.24805898180796
187.96196470077393,183.35489418028203,44.30990928144638,117.11371337349894
188.73598900744022,184.3907463347063,44.41050177758033,116.94145722100724
189.57952245678973,183.79369662780138,44.229526592786655,116.38316934958455
191.26865390010735,185.22538300871886,44.05547351068634,115.44469580821617
191.51322101134534,184.06874559558486,44.51445654437491,114.02448016741266
191.24680771970802,182.97053461218036,45.78348286424471,112.00885980252613
190.43591813259627,179.83602852324088,46.49687437748797,111.89716423962136
190.45857167315748,178.1256592279007,47.100518051961714,112.2085359365334
190.43434623999977,173.79476865678296,46.99322329278125,112.20948753470152
189.66211187982708,172.14759761592228,47.09162730250952,112.99160780322097
181.19221721822376,176.41817879936818,48.779565543868046,112.78045012840681
182.04999537609604,169.71481008652944,48.93033269919285,114.73406255408429
183.18706885751715,169.47403866146573,49.80040585010485,114.93915477020904
183.88584442334673,174.72757787802794,50.71958068776031,115.3953722736691
184.87811372725554,179.49468776063677,50.47371898557472,117.00558362264822
187.19459738624022,180.16131676093642,49.835374136553696,119.20985389849238
187.7039365105564,178.27041441093596,49.160116006014874,121.13887611062405
188.2036045532749,175.51508965489438,48.44228949880586,122.39553306518155
189.50103691762067,172.67590189409452,47.98006203245865,122.06573035268096
189.67422346735165,173.1091912990339,47.563531293314384,123.73995616735967
188.90887999675823,169.7933967991796,47.12178156801256,123.37763390074139
187.70565892302147,174.7254052281982,46.61527319973902,124.5320782701211
185.4242092797536,174.9638267184768,46.5803860597306,123.55239834689124
184.6083281588884,181.0031889241333,45.82900892958898,124.5195351797799
182.9375637459349,182.26730999766804,45.42184452772809,124.34228714281784
181.5411405723797,184.0847763475578,45.17728896024192,125.45499219175656
181.23827687200395,182.10001202076614,45.24242249845988,124.9928854655486
179.6036855027619,183.96645636387774,45.339730713781165,122.20781195915029
177.41947510583896,184.92359819339612,45.73442046667239,118.97830639440517
176.04077474664575,187.53900915654452,45.16909469694539,117.1269929634392
173.80176352491887,186.64275468780005,44.90172863255617,115.16180241133462
171.67825076284834,189.75661502995257,44.479793585408174,113.94438760852987
168.86215917921533,188.7085849374168,44.44119990864954,114.37746628343905
165.22928830918823,193.1926884184913,44.635372682791875,114.79442072113139
161.7401765708347,194.92760703905358,44.52029057173033,115.3553356620136
159.04277683497446,195.8170132204104,43.86649795284415,117.27320456036259
156.0810337392456,197.24269723090464,43.505491174788915,119.79966847525671
153.2499756594749,195.7171140741113,43.85370734043388,120.62255567507384
150.97324720534422,195.81755131390682,43.908573779334844,122.47553971408324
148.8577813982702,192.3493852456878,43.78786803004908,123.10846036675663
147.49780243996423,191.01511921820298,43.81725082382775,122.11760364113243
145.92132139139105,190.0393451894534,43.237849458526,122.65605145601684
144.98383973990855,192.013462618257,43.41638517779654,121.7056868052425
144.15538362055722,193.39022860076616,42.83919659786519,122.37514897703448
138.0839936861766,194.4598461739499,42.37737079188273,122.85316904154348
139.39641709871356,192.9576008536447,42.42987830259376,123.02424751174377
138.37902900640057,195.85416062176571,42.53287379130447,122.50672602466551
137.36502375934015,194.0801273328207,42.33016471908013,122.70821352769592
135.86288423938998,196.50828374779337,42.33748240377113,122.5201817760892
134.2646523744595,196.41508173263574,42.5875833997911,122.89825142601622
132.4071657366653,197.44661282179868,42.06086508602407,123.8267039304601
131.958544376658,198.6875301129166,41.51459918100812,124.84475514572487
130.2814788865414,198.18062382903105,41.143096778444075,124.18859231352499
129.1578202404174,200.51863093288787,40.8598757501507,123.82945976245804
128.38136879620245,200.4425160468524,40.82919194577057,123.99957293403044
128.2547751657126,202.5411505875882,40.7258976248239,124.57200581026149
127.75277977719878,199.7959829237217,40.849845908508215,125.71016590224615
127.23406515871476,201.09830142220292,40.79788665575305,126.68236143816641
127.68055168490181,200.76400968801477,40.94594091088932,126.93993145234387
128.10742047283586,202.89004445120287,41.01575203344653,127.25309229553554
128.8955152339669,202.03163481314215,41.08930702183507,128.0626393519991
129.6782072863628,203.36406843195215,41.0314812628379,128.2970126081535
130.11230067763378,205.1391977637185,41.07719610735974,128.21657134459946
131.59161534202968,202.72672201428395,41.163425472644484,128.88120113097466
132.93092913725212,205.95733879047924,41.218285011411034,129.27729503982678
134.04275781738576,204.85030864132895,41.22180503265925,129.42928520682545
135.4029580313618,206.6711324549695,41.165191731248285,128.94157301197848
136.64003484515115,206.96913815009762,41.12557432231277,129.0985733252134
138.18160152972018,206.40994097793083,40.94625622264495,129.37287905556
139.34367744199741,205.64527110838569,40.87190245755396,130.08182076198506
140.30555563887478,205.46328230788103,40.76695438098368,129.81651988198774
141.10371783270944,205.60108243568683,40.74428333365404,129.55841602036963
141.52603796484706,207.48678475699074,40.63394940482798,128.64285229916382
141.66903400505302,207.64207362462264,40.60343317332929,127.82093990623095
142.4843715546498,207.31762263408717,40.409161229462555,126.11191742593711
143.76208216548332,207.8278840292044,39.64317801705761,125.44417593147905
144.24282249365373,208.51561007578908,38.89731337829682,125.22206477401673
144.12461975401797,208.8421206334142,38.28740395049437,124.81147826472264
144.23261141389776,210.72553555215575,37.97780091903769,124.01995565342055
144.04119558432924,209.85433761936798,37.693038204948564,123.23071504247933
143.2837847714622,211.6520655199941,36.964410857980624,122.0061493817606
142.76929341877496,211.58169182930038,36.24814917954316,121.54506049901453
141.87815052427217,211.3010644549215,35.83399141080948,120.29930066323101
141.20078641713803,210.1179679879837,35.24872135599663,118.95032822044341
140.16773027249727,209.50078588630825,34.82420826380841,118.11653618142367
139.5490923187489,211.0999978240003,34.311983896646936,118.15560439054273
138.8901155865223,209.39947070639454,34.098425100663135,117.86577880397695
139.3592152350171,210.04199682339566,33.698818201840204,117.55722249158646
138.8942316182161,208.74264503564538,33.52065891433164,117.29944594547447
138.7814183674557,206.37188705822126,33.46113882180491,117.40027157363201
138.8541439563508,206.0235114981999,33.549757349024176,116.47148303322098
139.08320290257817,204.4704259526662,33.63767772656608,116.0505027780817
138.91228328852816,206.95730887065127,34.09267772132725,114.75945092755467
139.5767695933428,207.8265130822445,34.254383064464434,115.0662712240795
139.6624600067224,208.14189013306904,34.39115366163636,114.91174330322231
140.1138593858476,208.76526231431913,34.206877630875404,116.00898712088262
140.98816179361856,208.85581535920605,33.929527402506935,117.16686611659615
141.61974618144072,209.20241997336564,33.886192120095345,117.22014313486281
142.41153727382044,209.24981214715592,33.775411620669146,117.19163270752028
143.6859588908834,209.10795240254407,33.784343645561165,117.14550050978949
145.0078830901998,209.30369247759023,34.05267972378077,116.2376644875429
146.3507950622826,211.10363466224115,34.245508590665615,114.82289998556591
146.73729896146364,210.58950234353955,34.47492288664862,113.97769062108463
147.33237517353405,210.90309146868148,34.62864253282031,113.05794139239771
147.63440410290943,211.95798959245923,34.613985621163515,112.15364538993653
148.27993141801826,212.6799348622992,34.38065129448131,111.91618528543725
148.94715813985903,211.23078527704888,34.03795816431069,112.20847258841465
149.81510184694264,213.67602322248348,34.00634695425263,111.65183277618928
149.9565628522065,212.69228895877478,34.09104690198069,111.8781319701487
150.2469262520463,216.03258605787875,34.294734751310806,111.14382635760363
150.96172155872782,215.91064612210346,34.31644845446847,111.43981440893207
151.59438734024494,215.8317363477367,34.681867905189996,111.09065014104195
152.5433152186247,215.50361211075924,34.90266616111053,111.0006022092046
153.4244752813451,215.83198633732223,35.13288806409683,110.98491142619505
153.26606083102175,216.65140461614638,35.79972873070045,110.96133308540465
153.6811782962975,218.8436114802471,36.24321191881653,110.17453674497483
153.9061759967427,218.07144130790772,36.26851319408509,110.44234622779902
153.9081935252411,217.28321198966438,36.5271726151232,110.28172727048229
154.03299830739022,219.56712528409184,36.79353214843926,110.5866018496877
153.800287674151,219.92672088850412,36.643458567620044,111.27918146148082
154.22038484000086,219.32920928687213,36.739707922405614,112.44858400306887
154.48310165492103,218.22683896385522,36.95822710332962,112.671623394258
154.1868997099821,216.97441979263112,37.14938149507857,112.28167943194236
154.02731159347684,218.33070877923825,37.12536568716885,111.26606214636547
153.55899806444552,216.8571885352804,36.68761418325791,110.96661501678855
153.16653486304853,219.26548401383394,36.082953302917396,111.75124180641606
153.15230241036474,219.30675551825777,35.92394495586932,112.62261284385592
152.77641188478793,216.7721620077874,35.735052238502576,113.10931800368218
152.7504545694365,217.5065676169839,36.09356392321015,111.30256075777189
152.53611637047416,216.19778337793934,36.278197611664986,110.83113020288673
153.48714004572537,214.694165191692,36.120648156403384,110.06692487730703
153.06827723249503,215.07723890591325,36.26223218225523,109.19514258817017
153.29248255749778,213.89090328792062,36.24525047135382,108.32831115577466
154.53850800660797,213.5439027049004,36.34270834502979,107.85073999420129
154.9708727270236,214.3296350349738,36.562807042549984,108.1234665276351
155.5062520270857,213.27360883240755,36.76469200855737,108.92263698620386
155.76575393705764,213.1104277969468,37.20556806379659,108.43742650539808
157.29610164553088,214.71937750117152,37.734064083617675,107.73979243775369
157.4522170886509,215.52256786320407,38.18711290767041,107.49193579777975
159.17654125929505,214.66998449830305,38.44486949077487,107.65110574241797
159.82180450012063,213.74899409375072,38.54384696496478,107.41774485001503
159.74583331066614,214.84651232452103,38.54339376763512,107.74821583857816
160.4794361037757,215.3670014312138,38.64774081565518,108.28448607928655
160.45985076195456,215.85940419625723,39.355691110885004,108.33270664840475
161.51576650518402,215.79144678167555,39.37458119348737,109.67614625402683
161.88782244754424,216.04416085337806,39.287226901921834,110.7593734632143
161.61830044122198,215.54108858226445,39.497916108858405,111.42687403733618
162.7620000935601,217.11111618062856,39.68114220472538,111.8568857694715
162.94250227225302,215.07880225796308,39.77314313141049,112.42515283599384
163.98376072897085,216.61688196032355,40.151081397189316,111.8892823564438
164.63723617542038,216.34491471559022,39.764224338690425,111.98551735870112
165.14909925956275,217.51236686490938,39.58411262944351,111.49878655917018
166.31816417440598,214.74520525604572,39.74709812187005,110.81708728544243
166.88695637687408,215.94255991808626,39.22898455166593,109.76208628960839
167.5763444918464,216.32124118300513,38.757184961945704,108.84739577996761
169.1722586149187,217.72099388534625,38.43253849375529,107.7005977136185
170.52267485923386,218.61354727642407,38.15095768549905,107.01936096568068
170.53657566290624,219.18651473613005,38.067669384176,106.02368220319009
172.2106951071532,220.67878276415425,37.654622603836366,105.95185848272826
173.66219745489104,221.94764122313663,37.388169526936714,105.50671234647125
175.22717706881525,222.37879594657034,37.210080025269335,104.83153311238763
177.52520230373383,222.78780829764787,36.96027436744389,104.1897250870638
179.195818676095,223.16464068828293,36.678165615641504,102.67611986037059
182.1229366061075,223.6466295098652,36.018014876771325,102.15000815992266
185.02843829317072,223.19571675063224,35.84293441142778,100.76278262248037
186.89364604804345,223.69968356174383,35.75404750809712,99.80734537763588
188.353313815659,222.76604806338014,35.67616433301923,99.49253896652633
190.27117816517372,223.67663713616977,35.66835607084893,98.9045960609297
191.87559808874585,223.11082718945954,35.90268915537578,99.25888764195312
193.85174725899927,223.9380751527061,35.98859596165851,99.68484487288497
195.92270475394375,224.83246921607554,35.98376831689286,99.69530889858905
197.4011393805732,224.80085342364717,36.30890151266957,99.28296762916527
198.14288989015867,223.75251012385485,36.41693236624798,99.48575991398401
199.73275650213355,224.3775938605662,36.87753541739894,99.10903127570532
201.03297796225976,222.0054146308384,37.3294513628844,98.7531089734422
202.30074967905736,220.23906577966622,37.3819563873886,99.12007023894269
204.6941802969753,219.5871306311213,37.285702699312694,98.6022027697666
206.76664332976102,217.12097351940582,36.783966540815236,99.07678813043515
208.67234891235822,216.28428964195925,36.036885953471185,99.1404395891323
210.08963909300272,216.1513542539887,35.63160756933978,99.52143705683201
211.43896976674904,214.86506765074134,35.76302983047445,99.47785249316992
213.78211792652837,215.94657597392666,35.27297488969996,99.90376621522272
215.2022772677783,217.92311576689542,35.650621094819144,99.9281148271459
217.22641429003687,220.49654746407222,35.64150157987356,100.57501459349787
224.4318655163108,220.9676019863604,35.75310107282127,99.77986378084752
225.41986748515131,221.6909113439058,35.66288450296098,98.47548995608888
233.08508454773107,223.14236105539936,34.95912121520383,97.42114657481929
234.28957269055934,225.7022859322256,34.95091034855363,96.17607604556261
242.64731669277566,224.45815923496943,34.81899473181628,95.59157291122057
249.5987006233475,223.4254219864754,34.91613913263551,94.70438184081051
252.13335835187542,225.98092584905342,35.57818172687975,94.7174762312856
259.9682926097147,223.61660595904715,36.113610681293984,95.98489336267754
266.36038095921725,222.71647573454658,36.589716498768354,98.20463553617932
272.86322857867333,218.45931412692352,37.54673164041036,99.88554705785245
272.56888334180593,220.3741897945824,38.935736004125445,99.43378477626091
280.43248887307413,213.62996825125185,40.20511269488493,100.87101745947959
280.3654810715667,211.98272357729607,41.697128814791256,99.40942665678693
285.92766847756013,224.30985190478606,43.667882062191666,97.13093103391148
293.7027160321793,223.85872646335042,43.17995030591966,99.31993867070422
302.2965787709004,216.70070229515898,41.82617487120204,102.33015700525608
311.038916008051,216.34076814110117,41.1677504731948,102.98265116589691
315.647773083535,218.56990035159237,41.504410063376646,102.6559990457873
320.0094018348686,218.9736596145191,41.748509242533245,102.72274815766349
325.4788575029076,222.0726692431372,41.359713491782344,102.54816067838142
333.51361348146605,218.28390751719238,40.41452919427243,102.16596494921026
342.22083726067444,215.06592166533287,38.891058541678404,102.26266510751911
350.66144183343397,212.85542422962584,38.70580085795127,100.94492859465586
359.336403822323,214.28536754412954,41.03206439543201,98.91870441596197
371.65394707219514,213.2857433925996,41.46853207964776,100.54185086755855
372.97769582942044,209.1846724676832,41.877631798015784,102.20563164485104
373.53059896609545,190.86630368512482,44.00162241110982,99.15290464087602
370.97285243192994,193.3043885290732,45.86865351769461,96.39085424428481
376.7732134728571,196.90511286457775,46.933886025684025,96.08293832626643
394.40013485790683,217.53889547230506,46.53160957028178,96.73021762375129
396.51247524245645,215.43183985109613,46.17239468062289,98.94845636861056
407.16190096651025,223.47672806370076,45.589439838960665,100.02132909806437
409.1714337467402,222.5494774488187,45.01001933045693,100.9994273536998
417.9762081381299,221.1924138214464,43.8106172609344,102.70379661283893
419.5633381357439,222.38295923488727,43.10966630577589,104.9080596372755
421.6636092174595,221.35863716870114,42.232732540782195,108.44551871963709
422.7147117991624,217.43011254400685,42.73799884344088,111.0183072192088
423.2713882234098,214.87248641189947,43.222772287174735,114.36556639088663
422.3740800298752,211.11711575032427,44.68856525681888,116.92292760615734
419.6107713975534,206.40424451752244,45.87816260111334,120.13460118214309
415.1400995006077,204.153625659626,46.9621865631566,121.73531261276452
410.0193369959289,202.79144867147278,48.424734178410205,122.9664377959267
405.49975674277323,201.09570447025405,49.04405196468974,124.51086039197531
402.1225324129549,201.05080483017846,49.18633088174215,125.02846548329323
400.0394677891336,201.21676512425154,49.221173508290995,123.87896651980759
396.12420179198773,197.278299573207,48.899982594562736,123.46418295362272
393.0003290665666,192.24955176995434,48.363634665430624,124.57803022181017
390.1339658372543,189.83200413573763,48.002814733521745,125.23398492246409
386.671697652151,183.27550344352832,46.54971991628941,128.0210251939066
384.05608177070957,182.67648643240312,45.07178086084344,128.5707872978602
380.06999390547617,180.76218603927856,44.406072451295564,128.942661771472
371.78107141915586,177.43252079808474,44.017727085801376,129.42968333204564
370.1757086004355,176.7176898480514,43.76253418228759,129.03253666029684
366.4238687886289,175.14156999091253,43.39907637380234,128.29999286818116
364.01445299506815,177.42007253842695,43.06347661784525,127.32194032404038
360.78018023491006,177.22322171575763,42.827469010872626,126.2046812712513
358.8515325202087,178.64041177771702,42.74548059246645,125.71119536959199
357.5303132288761,177.43015262946673,42.37458704660694,125.84334997094794
354.9456704972688,176.63197717760926,42.132730637415484,125.15517047343306
352.8293300062982,176.5925441873723,42.725878576448956,122.94112921590035
352.11388690103195,176.95012381105838,43.35114435508151,120.94144803115792
351.4401755941043,176.13328716959126,44.22672396471012,119.56776371674106
351.77017284895345,175.81248422162247,44.604787378328794,120.03333373163613
350.1775876259651,176.22690334901964,45.304402413920336,120.06296347296228
349.1262282649133,170.14369522361073,44.930221273734446,120.83256156276931
347.9420722562115,169.8944192802942,44.90668758801319,120.25698577529965
347.4359630162589,168.54346431879424,44.88405141742085,118.59902526449221
346.84823916114186,164.5416462722569,44.46668873527516,116.04523395125582
346.3620670896574,167.8357026398276,44.04889937814498,114.72189792280999
346.88463779640614,167.4705808810418,43.646399270570896,114.54207555102306
346.4770529109593,168.93423279474024,43.27107414648319,113.72777450072576
344.98559810665284,171.17386905900486,42.90021349905365,111.87329788589282
345.72056387192316,172.32334404898077,42.653130622306286,110.8307228611183
345.6019589149272,171.58997535017997,41.68728718108132,108.91946810555218
345.9203645260908,171.58212261797973,40.36879653113037,107.4368693220965
345.9399040814462,172.95283450554763,39.48590465672866,105.85780585751523
345.7378257030084,175.18454766568416,38.82789436514985,104.02678744091342
343.8371317415356,176.1090655793482,38.48631458713727,102.72962893339815
343.1291993702988,176.57098072716178,38.17094179890251,101.28898684968885
342.5839366675248,176.59071705644416,37.558348641752055,100.60069438693249
341.4415692137411,177.39092881926507,36.8938469179261,100.61382939209815
341.14086588880446,176.91467505582898,36.23492312918556,100.55266587843539
340.2822878009758,177.95121630734133,35.93124676623815,100.8916474508807
338.7301127580747,179.09758252380445,35.78025579903128,100.59821096789034
337.52701254827315,180.2580046338756,35.518705144797096,100.55245434273398
337.52294924994624,179.82009035550897,35.591572660027616,100.11732701739479
336.410600488775,179.88910766310104,35.72584421419997,100.316017726603
335.97269219469877,181.62051095577507,35.580603673446184,100.46156642499211
335.42879277584177,182.547438629022,35.518603045026985,100.71956634697666
335.25628324381967,182.80576241378867,35.71174123384141,100.48114369270931
334.1389904357851,183.1384940113232,35.85758411690876,100.25934385632868
332.47585483084833,183.73253576175,35.75265315354926,100.08049633360156
330.9036380111211,183.9488477750566,35.429387742100474,100.06884539930593
328.14112499022485,184.1432846597421,35.41878594194351,100.24199145491664
327.00656278502225,181.82198698705895,35.96906629621929,99.32822321767185
325.2689469893131,179.7814491713884,36.539671518161164,99.12067790022145
323.76962914419687,177.6964045003929,37.18290807661877,99.53642945458428
323.1357546343134,179.12448218158383,37.51493104982357,99.84829314852259
321.4307833687031,179.68764003334968,37.614639511219885,100.77453086028935
319.5826640782917,178.86477714677324,38.39679151176624,100.93528570620377
319.3400065360198,178.1606600317906,38.776870922822866,101.57260430868953
318.70751450966,177.41833363476076,38.660474298319315,102.99968565063821
318.25662260036245,176.76479802497596,38.7493073269859,103.90451647466185
317.8651220753947,176.49838146763665,38.83676943887586,104.98784437941768
316.4660118856001,177.62094407353834,39.11577924145401,105.69031118764909
314.5153978307636,178.11657165858435,39.457121134009675,106.40789805666529
314.1502096820353,177.5613323948276,39.51610671920503,106.60340666306678
311.75796790838587,177.9381238479113,39.477529753961235,107.35869960376218
310.29967325131787,179.97198354991338,39.91562418551363,108.55278716463228
307.0392962827051,179.00201015766214,40.90231192248277,108.59288739533224
305.6864848651439,181.35193247701412,41.71453551901881,109.17946691663195
302.4415361040656,182.23115787669997,43.30069072779027,109.04139985673169
299.1100568236958,185.31780042196823,44.60574676167452,109.62680607707776
298.5281215375882,182.98792981211778,45.65689303714104,110.90169250323004
295.63727056150196,180.462587716064,46.69451444579546,111.32516369408637
294.54605964848247,179.99889836076568,46.91943319146644,112.27876331679684
292.17727667022746,177.77033266685623,47.38428691729406,113.01154639795979
291.25883585837533,178.12528284768678,48.04031362442568,113.583560628088
290.3384708135682,178.99712295610692,48.73228768681829,115.30462879381605
289.86067417945094,175.44874751179793,49.450439370584945,117.48323164166251
290.16467103794815,174.80914179691808,49.53878973117766,118.99508648198574
290.6118989128877,175.22989757277588,49.899484061025795,120.08691917522711
291.67852206129356,175.42086976559966,50.44246461853833,120.52382357831775
293.2671987476167,174.23790635309584,50.35564450242278,120.78081170932518
293.0884553999769,173.90054321283267,50.009798535120005,120.78169603657392
293.32275928760504,175.6480734711758,50.50968034717068,120.82459151926204
292.4607748690751,174.4291329209054,51.140493442538954,120.25249217966308
292.10071681353816,174.96897159862982,51.77928341911004,119.8000386139062
290.7176342895,174.36054559658572,52.0911652297291,119.37296042123228
289.01402824512445,172.03849610902682,52.144821162321755,119.40075452192988
286.8863684771687,171.03995788882918,52.09942525176106,118.98415493884193
286.71633492751835,170.02550546297624,52.50773735219896,118.39493959706638
284.94387103915545,169.46821184821195,52.75065983793973,117.73406181499827
283.1568102205408,168.61660499383004,53.06038671503708,117.05414545021473
283.8534234363551,167.04912077114,52.9779703725198,116.7764037057755
284.5457784136372,167.3952675967331,52.82553208925081,116.4500829609403
284.8662893434899,165.39153616156662,52.103007635491686,116.35450990445446
285.8546185147615,164.7215405594456,51.4190421926525,116.15455789046533
286.0929287201386,164.1011409656216,50.51234709012584,116.00155836919757
286.0549634096288,162.69488811698687,50.001058174840935,114.99051884895299
285.98525948229195,163.69345610579882,49.51612352835114,113.79100704210927
287.0458376504063,165.35612273917553,49.332055800864204,112.48559507815128
287.06815303382245,165.73355631924667,48.97750373958119,111.66210684136553
288.4229562394944,164.9187145430792,48.515507897237484,110.25112476717459
290.52767117990925,163.11701386826851,47.99944454396516,109.48886068100495
292.36768003690946,160.49472059754285,47.36730151906695,108.68404546235496
295.41139035356383,161.33149583155597,46.8590186878822,108.49309127251931
299.0596366153006,160.11891067855592,45.81625360047443,109.83425300403366
301.8654921775497,159.71900367863626,44.68820174340166,111.1594890405208
304.01198704131747,160.43543088132708,44.25592001414189,111.241568340469
307.0080755293478,162.03749171929377,44.201772804164015,111.09211461421218
309.9921412374888,161.33420622114193,44.24600720590564,111.24749518655042
312.47856161842714,163.00574230611818,44.14113738747991,110.77206470399109
314.24921702518446,162.1022269941609,44.30069994890427,110.55057307486913
316.3337429918869,163.63555821612593,44.550713967800405,109.21253437876469
317.9549486997832,162.67775808108047,45.1108984058134,109.76232294326631
319.0206357219318,164.67084026682602,45.89610885324592,110.2909491067484
320.0129279385456,163.32835419406743,46.78843319916257,111.82346890260277
321.81674074288145,161.47339046221174,47.391929149633924,113.2488063604395
324.3551646432597,161.67882392504967,47.431583157043946,114.002833300349
326.2398541764141,158.9636428416562,47.48301893868136,114.68668972983124
326.4815805277638,159.13127103511758,47.7112753777131,115.17628676316606
326.64202300807585,160.59689757304565,47.83878292750314,115.3964909970328
327.0317444990241,161.72302350682452,47.78343630342913,114.62182504122588
326.72248401641957,164.125594910737,48.335122178120145,113.82942236859377
326.02347309264195,163.84345107989196,48.95273153053919,112.07517947074406
326.79753618673396,158.91299589868754,48.877853228059124,111.78900655068216
327.3542554683821,147.50712934021567,47.01919394399489,114.72475356838278
327.7221326006158,140.50616297540216,45.169600172424595,117.53026753580275
327.95488131819104,134.26173451778592,43.76563559230794,118.99926799809333
328.5467550623249,127.21665849522769,43.50174554641926,118.55439253924251
328.36668104600636,125.58131452268975,42.89123336940058,117.99186620132889
327.1719979667122,128.90221133199293,42.028042727146605,117.70402212953647
326.1981802976978,130.4811270944744,41.34335170065827,118.32252703607682
325.89079510118916,132.06559331551452,40.792295653817916,118.59509883403264
326.23188181145997,134.767093911485,40.097213620898444,119.19446990695369
326.6425923796961,137.7645229297038,39.290506438606556,119.52282210992658
327.47255403571114,142.20653822376818,38.695487577946764,120.76200338245448
327.6796373510425,144.72128540046958,38.2618606510257,119.8474515797109
326.3587359112314,149.45841314442816,37.812051668465344,118.07970758929127
325.46913942158994,151.52946414289266,37.71211404586532,116.5302145210427
324.9040340189718,155.94077077812142,37.132980702465694,115.74498051541673
324.26637068280195,155.5774663324703,37.505433858722604,114.8917412364385
323.68929038077204,159.65358009961028,38.42475806322727,114.2018926808878
323.8204451508215,161.66545838426117,38.754544971072974,113.89769315847626
324.37484025790576,158.38717390299854,38.92398530480939,114.56308971194395
326.0975334388555,158.6226868468333,39.15440975681378,115.16163996849289
327.00708648490394,159.67210940880065,39.75985968163892,115.1104301614069
326.9200073696124,162.2746260415395,40.43744708664516,114.59838672213158
327.2093847318782,163.2482158233746,40.99867971162382,115.25717921008189
327.2520400315471,167.2720858379972,41.75629221704898,115.59689512108325
327.00142572267197,170.22399726213348,43.06035296141671,115.48044724610779
327.4116625165233,172.26473526143883,44.085957650348305,115.5992862461238
328.1234027736398,201.55278593975112,44.981588721732344,114.3497725665012
329.97386036442816,199.75565223751101,44.764292038004065,116.292443305599
332.15859295877635,209.01862479358056,43.94938894113509,118.57997666330854
333.49065445364823,206.44773522103233,42.77089503311746,121.05454213004504
335.25022341852605,214.09696398619576,42.09611149445978,122.77484909556777
339.0780554976836,221.983704018611,41.93290901751072,122.91107991483152
342.01165678676205,227.89942987962598,41.84881848845657,123.39231797399056
345.08986857299277,236.03116189147508,41.91141909736109,123.58196369150329
352.82052427351556,240.01645600684412,41.73853218819782,123.34128964915024
355.9321697257492,248.7248534802806,41.671418327645355,121.82135291760932
359.50612817996773,255.93621559360295,40.49632694639941,121.76991222215354
360.7597881525002,266.4371107881982,40.593991761618895,121.22374927436934
369.13183601943575,270.55404869898024,40.39311273307009,120.72028021397466
370.21765433698323,277.28442997586274,40.1982964476684,120.97109984404759
372.5834513474453,272.9529207070977,40.594506706071655,121.54843741996878
380.3435298924991,268.26675758817765,41.20975801745341,122.03931395840698
382.69469118948416,273.5766597659282,41.82513294850769,122.34069700372385
389.04162637323054,269.6099162828025,42.002152244711226,122.4368507676131
388.3917783451163,272.78176164121425,42.20988763237583,123.28076638547584
396.54846164210574,269.0291830657545,42.311708874090286,125.21974807557993
396.60141307973583,266.1264285793791,42.81563637831614,127.16157239409495
404.6727683107605,263.8078618522478,43.528715100837225,129.07077673306202
406.81545746642445,268.0926607885736,43.00792061557436,130.68135273431187
407.8120256028975,277.0393448622163,43.73629975972716,132.16659710533702
411.72586102913044,277.0723229612449,44.73409697061583,132.47706590532485
416.5079639142764,276.82755621534506,45.30287154700365,132.80916600650713
420.0538615914812,279.17791462499565,45.650432996487964,132.19553300373423
423.05822845827055,278.0110674090571,46.20778936987352,131.60177391769756
422.6328502985384,285.74216470352815,46.05441854452419,133.45429566786675
423.5101433918607,281.8552782671047,47.153279556747385,133.84731073202823
425.3063437699072,283.5099779481593,47.75505452086929,133.25876565229822
427.14309479294684,282.8653182810572,47.98038431911978,132.49595404892614
433.87133997407034,278.84207000668687,48.109970693323056,129.45761077680498
433.462979622552,278.47865417682493,47.82483766806537,126.49214116318294
433.9908501261292,280.24365142325433,47.541042197047545,125.68856802652533
434.3529374935621,283.81478970346893,47.852600208306086,125.09422552142449
436.06257272591284,282.20827930525843,46.810584706525695,123.97743426797975
436.47225835929294,283.43337461424386,45.78963056093747,122.8297316194074
437.5907134917525,283.462036126682,45.33651720248952,120.77612220231927
435.870356275579,284.2360530719534,44.94266098855058,118.54889094077042
434.7495786038761,284.7563145875831,44.90857536744834,116.98887450846041
433.99197810056546,285.14396264608985,44.98674760839112,116.60336311496721
433.2517652593113,286.7755809676532,45.11723716323689,116.12434907468482
433.778300378695,288.3063084029441,45.14496853064767,115.64056334777965
435.39251389222477,287.61860813100054,45.42245476118708,114.77630386702393
437.26975687009303,288.89605292403996,45.73624282659924,114.30970473390222
438.21323045247186,292.16995843892244,45.095497415457906,114.14346928854886
439.3589030878522,290.8065575256514,44.598038687017535,113.44884267308967
439.101577782048,291.86631751346664,44.61760394000612,112.30219388180817
439.775463246485,295.0288468159994,44.56368927429288,111.6361418723543
442.31991438637385,303.9285021508481,43.602725741921205,113.43080245509825
442.2693373764017,300.56786145438156,43.47595291154649,112.79815051368075
447.6072911612707,292.08542294360603,43.2163241809199,112.83786045149154
448.39653236405405,295.63351283713075,42.70851881736066,112.84281925620846
450.31209985296033,297.0122562744068,42.216211926401066,113.15619539015546
452.8788480851803,296.7669126287859,41.571544121018704,113.51779331102745
456.243936763943,296.72176673882166,40.711578364750736,113.64320929600879
459.6189256636859,300.81588132562047,40.03125598366087,113.05840514835104
462.32908134141445,302.88459257394163,39.64953601309151,112.32856374263594
468.4751733723055,302.2295714910231,39.59509342164626,112.49359674843117
468.2045751003226,303.29258493815087,39.81535528252769,112.2924492859002
475.08257367455127,301.7953711514992,39.623715891638625,113.6339671034967
480.82776429856875,299.7603960171379,39.65163470006121,114.17567263840883
481.8493044096946,300.2332296448483,39.648111696361205,115.4185084099504
489.554629352115,301.7360871537304,40.1040084423797,116.03147315407269
490.7026109121634,301.67589881839115,41.68135111985986,115.942314926351
497.80919204443654,301.89604100766945,43.40158710207869,117.11825614803698
498.0852476165919,302.85386729831066,44.654043890850495,118.1859209419377
500.98125576473535,301.90345468908185,45.461446711537505,119.27583927334081
503.269347527292,299.657588541466,46.273419600456194,119.65403425701857
506.4757739299763,302.2906814068442,46.815658271528,120.73687711360347
508.75617700401455,304.95542699467467,46.842626877022056,121.7178598568573
511.69795648529845,302.86098891984284,46.884414288966,123.10982691266415
512.868300323317,303.67285383558396,46.82047431648111,123.7865626649832
515.4665678277333,307.32395612469395,46.760553630310824,123.61460377234059
518.9822086605805,310.07062945515685,46.853838996476966,122.85575561223877
